149
149
149
149
149
149
149
149
149
149
149
149
149
149
149
149
149
149
149
149
149
149
149
149
149
149
149
149
149
149
149
149
149
149
149
149
149
142
142
142
142
142
149
149
149
149
149
149
171
173
149
142
142
142
142
142
142
142
149
149
149
149
149
174
176
161
142
142
142
142
142
142
142
149
149
149
149
149
177
179
164
142
142
142
142
142
142
142
149
149
149
149
149
177
141
167
168
142
142
142
142
142
149
149
149
149
149
149
177
179
170
171
172
149
149
149
149
149
149
149
149
149
147
181
183
149
149
149
149
158
159
159
159
159
159
149
149
149
149
149
149
149
149
149
149
149
149
149
149
149
148
148
148
148
148
148
148
148
148
148
148
148
148
148
148
148
148
148
148
148
148
148
148
148
148
148
148
148
148
148
148
148
148
148
148
148
148
-1
-1
-1
-1
-1
148
148
148
148
148
148
-1
-1
148
-1
-1
-1
-1
-1
-1
-1
148
148
148
148
148
-1
-1
148
-1
-1
-1
-1
-1
-1
-1
148
148
148
148
148
-1
-1
148
-1
-1
-1
-1
-1
-1
-1
148
148
148
148
148
148
-1
148
148
-1
-1
-1
-1
-1
148
148
148
148
148
148
148
148
148
148
148
148
148
148
148
148
148
148
148
148
148
148
148
148
148
148
148
-1
148
148
148
148
148
148
148
148
148
148
148
148
148
148
148
148
148
148
148
148
